system timestamp,,,,total pulse counted since start
Hr,Min,Sec,mSec,this sec,total,flow/s
21,02,05,.184,0.000000,0.000000,0.000000
21,02,06,.184,0.000000,0.000000,0.000000
21,02,07,.184,0.000000,0.000000,0.000000
21,02,08,.184,0.000000,0.000000,0.000000
21,02,09,.184,0.000000,0.000000,0.000000
21,02,10,.184,0.000000,0.000000,0.000000
21,02,11,.184,0.000000,0.000000,0.000000
21,02,12,.184,0.000000,0.000000,0.000000
21,02,13,.184,0.000000,0.000000,0.000000
21,02,14,.183,0.000000,0.000000,0.000000
21,02,15,.183,0.000000,0.000000,0.000000
21,02,16,.183,0.000000,0.000000,0.000000
21,02,17,.184,0.000000,0.000000,0.000000
21,02,18,.184,0.000000,0.000000,0.000000
21,02,19,.184,0.000000,0.000000,0.000000
21,02,20,.184,0.000000,0.000000,0.000000
21,02,21,.184,0.000000,0.000000,0.000000
21,02,22,.184,0.000000,0.000000,0.000000
21,02,23,.184,0.000000,0.000000,0.000000
21,02,24,.184,0.000000,0.000000,0.000000
21,02,25,.184,0.000000,0.000000,0.000000
21,02,26,.184,0.000000,0.000000,0.000000
21,02,27,.184,0.000000,0.000000,0.000000
21,02,28,.184,0.000000,0.000000,0.000000
21,02,29,.184,0.000000,0.000000,0.000000
21,02,30,.184,0.000000,0.000000,0.000000
21,02,31,.184,0.000000,0.000000,0.000000
21,02,32,.183,0.000000,0.000000,0.000000
21,02,33,.183,0.000000,0.000000,0.000000
21,02,34,.183,0.000000,0.000000,0.000000
21,02,35,.184,0.000000,0.000000,0.000000
21,02,36,.184,2.000000,2.000000,0.004444
21,02,37,.184,27.000000,29.000000,0.060000
21,02,38,.184,34.000000,63.000000,0.075556
21,02,39,.184,36.000000,99.000000,0.080000
21,02,40,.184,27.000000,126.000000,0.060000
21,02,41,.184,29.000000,155.000000,0.064444
21,02,42,.184,33.000000,188.000000,0.073333
21,02,43,.184,29.000000,217.000000,0.064444
21,02,44,.184,29.000000,246.000000,0.064444
21,02,45,.184,32.000000,278.000000,0.071111
21,02,46,.184,35.000000,313.000000,0.077778
21,02,47,.184,33.000000,346.000000,0.073333
21,02,48,.184,32.000000,378.000000,0.071111
21,02,49,.183,30.000000,408.000000,0.066667
21,02,50,.183,31.000000,439.000000,0.068889
21,02,51,.183,31.000000,470.000000,0.068889
21,02,52,.184,31.000000,501.000000,0.068889
21,02,53,.184,29.000000,530.000000,0.064444
21,02,54,.184,31.000000,561.000000,0.068889
21,02,55,.184,30.000000,591.000000,0.066667
21,02,56,.184,30.000000,621.000000,0.066667
21,02,57,.184,32.000000,653.000000,0.071111
21,02,58,.184,30.000000,683.000000,0.066667
21,02,59,.184,28.000000,711.000000,0.062222
21,03,00,.184,27.000000,738.000000,0.060000
21,03,01,.184,34.000000,772.000000,0.075556
21,03,02,.184,29.000000,801.000000,0.064444
21,03,03,.184,33.000000,834.000000,0.073333
21,03,04,.184,30.000000,864.000000,0.066667
21,03,05,.184,34.000000,898.000000,0.075556
21,03,06,.184,27.000000,925.000000,0.060000
21,03,07,.183,35.000000,960.000000,0.077778
21,03,08,.183,31.000000,991.000000,0.068889
21,03,09,.183,28.000000,1019.000000,0.062222
21,03,10,.184,31.000000,1050.000000,0.068889
21,03,11,.184,30.000000,1080.000000,0.066667
21,03,12,.184,29.000000,1109.000000,0.064444
21,03,13,.184,30.000000,1139.000000,0.066667
21,03,14,.184,30.000000,1169.000000,0.066667
21,03,15,.184,27.000000,1196.000000,0.060000
21,03,16,.184,30.000000,1226.000000,0.066667
21,03,17,.184,28.000000,1254.000000,0.062222
21,03,18,.184,33.000000,1287.000000,0.073333
21,03,19,.184,36.000000,1323.000000,0.080000
21,03,20,.184,26.000000,1349.000000,0.057778
21,03,21,.184,31.000000,1380.000000,0.068889
21,03,22,.184,33.000000,1413.000000,0.073333
21,03,23,.184,38.000000,1451.000000,0.084444
21,03,24,.183,31.000000,1482.000000,0.068889
21,03,25,.183,30.000000,1512.000000,0.066667
21,03,26,.183,30.000000,1542.000000,0.066667
21,03,27,.184,27.000000,1569.000000,0.060000
21,03,28,.184,28.000000,1597.000000,0.062222
21,03,29,.184,33.000000,1630.000000,0.073333
21,03,30,.184,31.000000,1661.000000,0.068889
21,03,31,.184,31.000000,1692.000000,0.068889
21,03,32,.184,35.000000,1727.000000,0.077778
21,03,33,.184,33.000000,1760.000000,0.073333
21,03,34,.184,34.000000,1794.000000,0.075556
21,03,35,.184,32.000000,1826.000000,0.071111
21,03,36,.184,28.000000,1854.000000,0.062222
21,03,37,.184,28.000000,1882.000000,0.062222
21,03,38,.184,31.000000,1913.000000,0.068889
21,03,39,.184,29.000000,1942.000000,0.064444
21,03,40,.184,31.000000,1973.000000,0.068889
21,03,41,.184,26.000000,1999.000000,0.057778
21,03,42,.183,26.000000,2025.000000,0.057778
21,03,43,.183,31.000000,2056.000000,0.068889
21,03,44,.183,30.000000,2086.000000,0.066667
21,03,45,.184,31.000000,2117.000000,0.068889
21,03,46,.184,28.000000,2145.000000,0.062222
21,03,47,.184,30.000000,2175.000000,0.066667
21,03,48,.184,30.000000,2205.000000,0.066667
21,03,49,.184,30.000000,2235.000000,0.066667
21,03,50,.184,30.000000,2265.000000,0.066667
21,03,51,.184,31.000000,2296.000000,0.068889
21,03,52,.184,30.000000,2326.000000,0.066667
21,03,53,.184,30.000000,2356.000000,0.066667
21,03,54,.184,28.000000,2384.000000,0.062222
21,03,55,.184,28.000000,2412.000000,0.062222
21,03,56,.184,28.000000,2440.000000,0.062222
21,03,57,.184,32.000000,2472.000000,0.071111
21,03,58,.184,30.000000,2502.000000,0.066667
21,03,59,.183,31.000000,2533.000000,0.068889
21,04,00,.183,30.000000,2563.000000,0.066667
21,04,01,.183,26.000000,2589.000000,0.057778
21,04,02,.184,30.000000,2619.000000,0.066667
21,04,03,.184,33.000000,2652.000000,0.073333
21,04,04,.184,25.000000,2677.000000,0.055556
21,04,05,.184,32.000000,2709.000000,0.071111
21,04,06,.184,28.000000,2737.000000,0.062222
21,04,07,.184,29.000000,2766.000000,0.064444
21,04,08,.184,25.000000,2791.000000,0.055556
21,04,09,.184,24.000000,2815.000000,0.053333
21,04,10,.184,28.000000,2843.000000,0.062222
21,04,11,.184,24.000000,2867.000000,0.053333
21,04,12,.184,27.000000,2894.000000,0.060000
21,04,13,.184,28.000000,2922.000000,0.062222
21,04,14,.184,37.000000,2959.000000,0.082222
21,04,15,.184,35.000000,2994.000000,0.077778
21,04,16,.184,29.000000,3023.000000,0.064444
21,04,17,.183,19.000000,3042.000000,0.042222
21,04,18,.183,12.000000,3054.000000,0.026667
21,04,19,.183,6.000000,3060.000000,0.013333
21,04,20,.184,0.000000,3060.000000,0.000000
21,04,21,.184,0.000000,3060.000000,0.000000
21,04,22,.184,0.000000,3060.000000,0.000000
21,04,23,.184,0.000000,3060.000000,0.000000
21,04,24,.184,0.000000,3060.000000,0.000000
21,04,25,.184,0.000000,3060.000000,0.000000
21,04,26,.184,0.000000,3060.000000,0.000000
21,04,27,.184,0.000000,3060.000000,0.000000
21,04,28,.184,0.000000,3060.000000,0.000000
21,04,29,.184,0.000000,3060.000000,0.000000
21,04,30,.184,0.000000,3060.000000,0.000000
21,04,31,.184,0.000000,3060.000000,0.000000
21,04,32,.184,0.000000,3060.000000,0.000000
21,04,33,.184,0.000000,3060.000000,0.000000
21,04,34,.183,0.000000,3060.000000,0.000000
21,04,35,.183,0.000000,3060.000000,0.000000
21,04,36,.183,0.000000,3060.000000,0.000000
21,04,37,.184,0.000000,3060.000000,0.000000
21,04,38,.184,0.000000,3060.000000,0.000000
21,04,39,.184,0.000000,3060.000000,0.000000
21,04,40,.184,0.000000,3060.000000,0.000000
21,04,41,.184,0.000000,3060.000000,0.000000
21,04,42,.184,0.000000,3060.000000,0.000000
21,04,43,.184,0.000000,3060.000000,0.000000
21,04,44,.184,0.000000,3060.000000,0.000000
21,04,45,.184,0.000000,3060.000000,0.000000
21,04,46,.184,0.000000,3060.000000,0.000000
21,04,47,.184,0.000000,3060.000000,0.000000
21,04,48,.184,0.000000,3060.000000,0.000000
21,04,49,.184,0.000000,3060.000000,0.000000
21,04,50,.184,0.000000,3060.000000,0.000000
21,04,51,.184,0.000000,3060.000000,0.000000
21,04,52,.183,0.000000,3060.000000,0.000000
21,04,53,.183,0.000000,3060.000000,0.000000
21,04,54,.183,0.000000,3060.000000,0.000000
21,04,55,.184,0.000000,3060.000000,0.000000
21,04,56,.184,0.000000,3060.000000,0.000000
21,04,57,.184,0.000000,3060.000000,0.000000
21,04,58,.184,0.000000,3060.000000,0.000000
21,04,59,.184,0.000000,3060.000000,0.000000
21,05,00,.184,0.000000,3060.000000,0.000000
21,05,01,.184,0.000000,3060.000000,0.000000
21,05,02,.184,0.000000,3060.000000,0.000000
21,05,03,.184,0.000000,3060.000000,0.000000
21,05,04,.184,0.000000,3060.000000,0.000000
21,05,05,.184,0.000000,3060.000000,0.000000
21,05,06,.184,0.000000,3060.000000,0.000000
21,05,07,.184,0.000000,3060.000000,0.000000
21,05,08,.184,0.000000,3060.000000,0.000000
21,05,09,.183,0.000000,3060.000000,0.000000
21,05,10,.183,0.000000,3060.000000,0.000000
21,05,11,.183,0.000000,3060.000000,0.000000
21,05,12,.184,0.000000,3060.000000,0.000000
21,05,13,.184,0.000000,3060.000000,0.000000
21,05,14,.184,0.000000,3060.000000,0.000000
21,05,15,.184,0.000000,3060.000000,0.000000
21,05,16,.184,0.000000,3060.000000,0.000000
21,05,17,.184,0.000000,3060.000000,0.000000
21,05,18,.184,0.000000,3060.000000,0.000000
21,05,19,.184,0.000000,3060.000000,0.000000
21,05,20,.184,0.000000,3060.000000,0.000000
21,05,21,.184,0.000000,3060.000000,0.000000
21,05,22,.184,0.000000,3060.000000,0.000000
21,05,23,.184,0.000000,3060.000000,0.000000
21,05,24,.184,0.000000,3060.000000,0.000000
21,05,25,.184,0.000000,3060.000000,0.000000
21,05,26,.184,0.000000,3060.000000,0.000000
21,05,27,.183,0.000000,3060.000000,0.000000
21,05,28,.183,0.000000,3060.000000,0.000000
21,05,29,.183,0.000000,3060.000000,0.000000
21,05,30,.184,0.000000,3060.000000,0.000000
21,05,31,.184,0.000000,3060.000000,0.000000
21,05,32,.184,0.000000,3060.000000,0.000000
21,05,33,.184,0.000000,3060.000000,0.000000
21,05,34,.184,0.000000,3060.000000,0.000000
